1461
5058
520
3406
5503
9682
1977
6563
7032
7284
3699
151
3638
379
740
6324
5997
5783
3389
6995
5831
5025
9104
171
3956
8146
6919
1227
6312
3401
109
9293
8924
966
1641
1971
3230
5793
3480
5075
3664
2697
9142
8556
74
7384
8354
3288
8478
6391
7849
9401
4051
1641
2628
7726
8768
1571
6674
4251
834
4647
1859
7935
4450
6632
9789
8650
4600
1279
3859
2307
5457
2440
7171
8253
5931
5371
1633
4259
7561
8266
4892
102
9871
5955
2967
3922
2702
9736
8892
4182
1807
5530
9580
9897
3737
7661
6597
8023
3510
687
8162
5155
1049
4975
6002
6516
8285
3585
9441
5458
5901
475
9270
7926
3183
9271
6435
8377
7852
8425
9866
7491
5865
3704
7109
6499
5820
501
1963
8411
1348
248
2586
502
8955
642
362
2236
810
5365
8516
3156
9894
8089
3327
1645
1535
3561
8205
7271
6824
3662
837
7524
3462
5305
8389
9975
2313
2140
949
8273
6884
9476
8132
2735
5914
3699
6491
2276
2600
2737
6527
5360
300
3049
2405
5031
6457
2360
649
6674
767
189
7711
7227
5553
966
640
1444
6906
9156
7338
6905
1972
9168
23
8659
2993
3760
5891
7821
2916
5212
5647
6351
3701
3628
7178
3457
9585
7652
4538
2644
6956
3749
4694
6880
1643
5225
4017
5383
2992
466
2602
9000
1965
9625
6491
8347
6821
5065
1101
3181
4793
1962
4942
3612
6377
6840
6187
7829
281
6277
8140
3167
7615
2624
3566
9862
9118
455
9649
3157
2126
816
8511
4938
8112
698
5202
2892
9678
1977
9484
7253
9884
6614
6427
4419
8128
7367
6189
2249
7754
1172
221
5687
7976
9363
8200
6877
6863
2792
6325
422
2999
9538
4861
6458
6960
3692
4506
5829
4203
3716
9126
2774
2408
7261
5538
1925
1282
4505
729
4788
528
4792
8555
5873
2551
8014
7676
5771
5100
3628
4986
5635
7034
9276
629
9201
8101
6785
9785
3355
7801
1621
4293
3757
3300
9488
4728
567
6183
5544
3456
6367
8671
5682
5321
5648
8272
8994
3583
6824
8377
3566
9881
7454
3553
179
6645
2641
2281
261
5477
6547
7126
9367
3896
6661
4122
5899
2099
8918
9949
9606
8773
750
7076
340
9155
1826
5639
6888
13
4246
2407
9604
3696
6683
3558
9999
8818
1968
8211
4501
8874
5371
2293
3896
8818
9663
4054
5387
1200
2458
7601
9571
4900
3461
3953
4123
6762
3244
1713
3728
6860
2383
5475
3219
808
8940
8860
792
847
8452
6192
6777
682
3825
4238
5511
1283
8426
9246
5782
9365
3142
1828
3713
3821
7927
6086
9108
6343
5093
7105
2078
6256
1005
4035
398
7115
1918
6133
3935
4484
5209
5705
5028
129
9599
7234
3126
1192
1449
749
6339
3301
8303
4547
5406
2598
3872
4383
3476
6038
3119
6912
5354
9783
2441
8465
6117
6786
6749
4462
3865
3361
9120
130
8143
1834
9371
3033
4730
1463
4771
3996
442
7201
4827
3716
2388
2813
3848
8757
8552
8787
80
924
9082
7506
9432
9503
9217
9220
1120
9691
4382
6989
649
239
1804
7363
4911
277
5608
8768
5950
8251
8090
5659
2341
7648
5410
6109
1712
210
2177
4909
6686
6962
8294
2965
2430
8792
7133
9346
9624
3895
9792
7300
3784
3700
6060
6338
4270
8117
5707
4249
9028
2306
557
4866
5975
4841
5241
5245
3650
2634
2425
98
4035
6959
6658
2388
9841
9236
4451
6099
3302
4839
8767
4740
339
1167
9361
1497
9984
9781
1138
940
3176
5079
426
3220
762
3126
7942
1736
5558
3845
5898
6402
3901
3266
5549
3917
6901
5262
4463
4399
2533
8987
180
2040
1205
474
7947
5958
2948
5593
355
7467
3186
6008
4323
2711
6448
8407
8697
5426
5594
6517
1674
3650
3590
2842
9998
9622
461
847
3410
145
5281
4654
6917
5003
3733
9393
2207
6210
3775
464
8689
3973
8434
1959
5810
7712
9927
7243
8690
2310
9420
9901
7279
6928
5350
2894
7334
2357
3294
6525
1905
5071
3894
3219
7722
4296
8207
9344
8727
6761
1139
3441
2451
9411
6305
9826
3695
3178
9829
7107
5680
196
9992
739
8483
158
4964
3599
7493
196
7584
3224
9941
2664
1030
8052
3116
9054
7204
5382
954
5059
9772
68
8160
5553
6666
1344
2927
4017
2924
4490
9149
1307
3592
6716
7710
8796
107
2374
8554
9007
3378
5137
6427
2190
7383
6122
5953
4684
4778
6911
5261
7583
614
157
5941
571
1647
1508
5039
2186
7733
5010
9485
6862
1171
5593
6892
6681
7040
9867
518
4352
2428
3640
6782
7880
5306
9158
9444
1812
7614
7969
3050
5851
2569
6437
1229
9412
2207
1266
2202
2180
3122
5444
2312
5779
3883
5627
2043
4425
8643
7884
3310
7510
1236
2947
5715
5652
5521
4728
5486
7595
8421
1660
7254
8731
5722
9565
9496
1031
5906
9115
7682
3320
270
6621
6346
7734
38
3787
9763
2759
2671
4507
9688
9021
6462
1386
2788
5127
9089
4909
4058
7419
8897
2076
7524
8767
3996
454
1206
7985
4785
1126
2025
9140
965
1301
2190
6111
8191
4342
3160
2847
9828
8331
4330
2738
3889
6807
6494
494
9271
8859
662
2729
5948
4889
7503
4898
9581
2996
1594
3648
2420
4262
410
4771
6511
2318
971
1028
6022
9157
8398
9557
1717
1827
3201
7217
89
6118
6635
8175
3572
3553
9587
935
759
3210
1312
154
2675
9720
842
2960
6520
5980
6351
63
2904
3593
1090
6043
9343
652
8429
1850
9992
611
9231
5646
8764
9760
852
9743
5925
9714
9231
8969
2786
9254
6369
5429
6173
4115
4542
7215
6835
9841
3303
741
4625
1913
8863
805
4660
6699
2981
2155
6572
139
6001
5267
7881
2776
2508
9577
9969
7960
7833
6496
2521
8939
3224
4707
932
4682
6234
98
5727
6491
6709
5774
7849
7628
7269
266
1679
8719
5672
4209
6789
8761
9013
3070
3468
4296
2684
3511
9114
4216
6003
6237
5963
7607
8190
4285
4057
2169
1290
6068
5347
4511
556
5214
7731
1697
4651
6210
6572
6872
603
9640
6747
5401
505
3430
3050
3841
9459
9404
481
3523
7927
4474
9217
1044
3114
2527
327
5877
9446
8329
4332
1104
6657
6270
5486
8703
3438
6646
2609
4599
762
4817
5563
5834
2298
1056
566
3715
1858
2210
3150
3725
8200
9395
8638
8488
101
7106
6655
1161
1577
2748
1372
720
3856
9497
2114
1141
5240
7864
5426
9180
3871
2227
5341
9793
5580
7899
6752
4357
4439
9761
8443
7271
5217
3728
6659
588
4096
9347
5414
6378
1009
6422
8721
446
6290
5136
9400
5510
3804
2123
5558
909
5831
4622
2189
5120
5866
4423
1950
6724
7275
8203
6260
1617
2876
6665
1601
7609
6469
2105
3324
4046
2246
6200
3033
521
6813
9657
3688
2901
8550
169
902
109
3032
8096
7745
549
3403
2143
102
1481
2
4670
8121
1217
7480
6357
8201
3525
2507
6458
6737
4864
4547
1112
9573
147
6045
187
8667
9697
2929
2188
3125
8157
2440
6342
6913
2905
2848
442
3297
7863
4156
7877
8190
4598
5620
243
2446
6064
9621
964
113
7922
3383
1843
1043
3207
6877
722
4204
53
7743
7844
1658
5786
604
8723
5843
9930
5747
910
2194
6537
8434
4819
8340
7019
9266
3033
6480
2717
1822
9620
1349
6536
7779
8937
3488
6168
8785
6657
6317
2160
4913
725
5158
9753
6039
6639
4332
4681
4767
3302
1635
126
6975
3278
3100
7299
9420
1451
4359
6380
210
3443
1151
7577
783
5866
4888
7426
5832
6613
4
7056
5609
5493
9284
3678
1219
5386
5584
1897
7936
2784
472
3965
9812
4480
2224
2403
7013
1670
4217
4731
205
678
481
669
9195
229
8878
6668
7846
4950
3907
645
4509
9787
5537
6039
7846
4052
7853
6871
4175
6459
1370
4338
1749
2418
8454
2541
9404
3045
5193
2782
3995
4168
9566
903
7397
7468
4639
645
4765
5305
2534
7448
1292
9760
7800
3098
9296
7159
716
9526
8169
109
7903
3542
1734
7797
2875
6869
3604
2463
8113
777
583
1256
6575
7528
2734
3998
9479
697
2793
5846
8849
1052
5437
2248
9913
1418
5730
7919
1519
7567
286
585
7662
6887
8682
1764
6074
9230
7876
396
9681
3995
9643
994
9875
2453
7287
7009
8413
5217
3974
3348
799
8724
9405
8115
9852
8672
837
8744
5850
9756
282
3553
3594
8040
7609
3858
9525
9517
8067
7814
1518
952
5127
5569
915
5047
6549
8782
4929
6002
2310
4357
8151
5972
874
123
189
14
120
4228
4881
3871
4100
3911
1767
4470
1973
6769
8489
5936
5921
3987
4309
7102
8089
7781
4940
9494
6371
8741
7726
1460
6032
4408
1655
96
8038
4586
7465
889
4730
9165
646
8277
6560
3089
4466
6158
4881
5431
5738
4475
9130
5327
9225
9727
1197
5454
6469
4778
6647
2184
7946
221
4574
2518
9807
2528
9767
7408
6696
7017
5497
9030
2010
9811
114
4986
7010
4731
151
9029
8090
1070
4793
321
4050
7787
4250
1466
5609
6892
930
9898
7675
9306
9222
8613
2478
3139
3421
4745
2711
4344
7025
8386
3638
1321
4293
5656
2384
6534
4461
6794
7161
6825
7431
7828
6524
2320
7713
856
928
2135
5089
3791
687
4923
4313
1833
5571
1536
455
3895
7099
9297
8005
7879
4237
3453
9849
6432
4316
9194
4069
5656
710
614
3329
7081
7571
2842
9819
528
2432
6652
6186
5366
6992
240
9616
8373
6011
1670
863
2510
1160
4756
1053
81
2925
5540
5195
6888
2633
2677
9025
9408
7530
5342
6610
7547
6783
7426
5131
2061
440
5570
8423
306
8610
481
1380
7984
420
9090
7795
6271
7956
9605
9407
5970
7527
4488
8988
6236
6059
9769
567
3008
376
3451
1594
4638
6035
665
1912
4353
6241
2993
5330
1957
8085
7202
1541
7549
5722
5730
8132
1688
4860
1036
920
6613
9966
5909
3063
1497
6290
6719
1345
7224
9091
7149
8662
4492
536
6651
6784
8415
8228
7564
5686
775
6702
1953
1887
4579
4721
8647
942
6412
3578
6701
6432
345
5114
1061
8785
121
5304
9325
8625
2542
5505
7935
9910
9087
499
6663
5463
5573
4112
8519
3411
1328
9856
275
9134
7530
7017
7211
7878
238
3078
8048
8848
1035
4029
6015
7138
5906
8558
31
2318
1974
9509
3184
9082
6490
286
8443
1160
7075
6103
1575
8618
9387
1264
3476
3416
4181
4390
861
3077
6065
3050
5211
1772
4660
2276
5787
7852
2094
8195
4488
9227
5748
7318
3334
9261
2291
7948
1628
8463
486
6157
3700
5245
4567
6599
1856
6025
3658
1406
8295
8253
5333
4673
6915
265
3214
7482
4657
8930
3646
6549
4242
4605
8864
908
4643
7098
4001
1087
640
1339
5414
7699
7181
1391
8202
5530
2067
9091
1534
5520
9079
6190
8517
1666
3769
7025
5833
7758
5028
9280
5820
9478
7997
4549
2718
5779
299
6680
6208
1825
37
3232
1554
8508
1546
2545
6704
2806
1783
4797
7416
3600
4437
5620
4590
4694
3349
9811
5980
3184
200
6598
7193
828
1660
3393
7800
3302
5096
87
9057
4544
9163
6726
3959
8897
4082
4156
5943
1244
9509
3906
2520
1051
2151
1427
4620
17
2093
1972
3813
8950
9874
2317
4588
3424
5502
2287
3546
9172
5058
5572
4832
1497
428
2662
56
2137
2849
2850
7662
8007
8061
1887
8087
3536
641
4207
3813
4488
4822
6103
4152
390
4312
5875
7947
9836
3544
8640
7050
351
1005
3873
1612
6951
8258
7545
6308
8107
2790
5471
8106
2825
1646
379
546
4032
1473
6530
7772
943
5714
238
1420
332
3931
8964
1566
5671
9112
191
594
7853
495
8831
3809
368
5073
5851
5654
5594
7479
5516
4036
7763
2326
6296
2803
8170
4438
9958
473
3348
1409
8021
576
7182
7600
1628
3706
2353
428
2534
5795
9122
190
5880
8107
2757
8080
2599
4438
6378
7102
1462
1488
8038
3380
2499
6905
8945
8425
3304
870
907
9892
2120
1312
6351
6304
2540
3915
2283
7290
7420
4479
4753
8950
9278
2954
6290
1878
3197
9053
5370
5817
6381
2214
4600
7188
5301
6998
8087
9616
7563
6201
7312
2395
1211
7253
6814
6171
8556
6282
6418
7651
3072
2081
1643
3657
3754
1745
4096
4687
7176
7055
2355
5525
2773
8428
3554
6290
4761
4523
2784
1085
7483
3501
5403
7812
1550
7105
1945
2345
6073
5525
4482
2138
6136
4012
3956
8357
5846
6340
3943
5146
5126
5138
8712
3299
189
107
2098
5063
6158
1863
6728
3291
4467
8414
4198
4745
1340
6898
7450
2417
743
9104
321
1112
6843
6553
8477
9328
4745
6308
6749
1589
2723
5708
6853
6644
6262
347
1367
6818
3458
2361
6398
7840
6498
6252
6240
5216
5599
7098
9710
5268
8721
4615
1991
1067
3207
572
6234
1281
5797
5758
4077
2738
4418
4364
1906
5936
1879
409
4229
7167
7660
9070
2104
7988
1466
3226
7070
6185
1780
1882
2238
6403
75
7086
2680
2914
6681
4803
7852
2804
6705
633
5479
3950
466
3832
1186
8302
9437
9794
6664
3225
1133
7244
2529
6596
5323
1351
501
8689
424
4043
8283
7948
5160
2572
7825
3014
4216
9676
9043
8232
4169
5751
6842
5519
3137
5553
5005
4586
8980
7335
9128
925
1175
685
3915
981
4879
4893
7360
6530
3226
6748
6453
8295
9515
1308
6960
813
6225
557
6165
1447
3064
292
6353
380
5265
8083
6316
634
8843
1481
9886
1144
7802
7385
5080
142
2779
6875
7557
529
8966
6270
5098
0
4025
5390
2131
4805
1684
5629
6125
4149
7880
473
4123
4214
3281
6956
2445
1350
3114
4563
5053
5131
1516
674
8270
7663
9996
9396
2258
2695
3357
8522
5598
1863
1253
1717
3478
9315
7398
118
8245
7664
608
7004
4656
5337
7337
6366
4054
6807
9587
655
6745
8327
1521
2627
1299
6697
7117
5783
1078
9496
1174
2267
9
134
3919
5322
3032
1469
719
7014
937
6787
8933
4336
7934
6653
3406
4113
8450
9843
8481
1393
5133
6186
5873
2594
4471
5330
5669
7849
3451
2826
6308
6409
5007
1431
1805
535
6319
2997
956
5381
4426
9581
9286
4601
4482
3984
4314
356
2397
8153
251
3885
7652
9697
4992
5173
9906
4279
8161
3288
1002
1563
3657
2910
6131
9070
7165
9070
1591
2108
8805
6510
7104
2968
5757
1746
8625
372
5274
2693
6354
8454
3956
8641
3336
4025
6183
4663
524
2941
9797
9164
6335
2251
8623
9538
8295
9884
6061
9738
8834
1268
7562
8361
1130
8864
2932
2624
6504
4425
9620
7269
4384
4402
3457
7349
2861
2567
7834
3373
6925
3058
579
2043
6107
3067
6120
8764
3608
3173
5078
3076
9220
9045
1262
3173
1557
378
5329
4913
8483
2877
4021
9866
1829
5205
8154
2853
8602
4177
4061
8506
3585
2613
1357
9766
3007
1649
9382
3143
9489
1778
1088
6896
7551
7108
5228
5970
937
2117
567
3182
3116
5902
7744
6463
8516
7619
1919
3966
7076
2141
6683
2108
9470
1413
9865
476
7270
3865
1725
9772
4835
5419
6545
9621
6563
7948
4015
7055
8796
3808
7144
2044
8661
361
6224
5535
768
2430
1533
8654
8512
8924
3625
3693
4662
7169
2671
7511
1927
2467
8136
7252
5
7999
5892
3271
8959
5791
2229
62
8606
7736
8672
126
3193
1879
5448
9285
9848
3827
8488
9574
1115
7674
2393
1137
1211
1954
2871
6635
1169
8912
2414
451
4802
2158
4924
7468
5505
2638
6871
4040
8571
2077
2575
8566
5359
5010
6658
8585
5147
8693
7954
6682
9572
5106
8640
4011
9994
7647
5061
3282
239
7385
8587
6979
1943
8570
1908
9493
6489
1857
7586
3800
4479
9797
5956
2126
2187
1145
4469
2608
2426
6772
5240
935
8844
9411
443
523
8623
2515
8814
2335
5591
2463
8547
2365
9351
4167
9270
5860
8112
4304
8810
4703
329
5627
7124
2852
2936
6288
816
6085
5542
4902
1419
3511
332
4865
1230
8366
4192
6779
4443
2692
5630
9667
7963
9490
7088
2661
3431
201
9333
9387
8223
4179
4522
4217
8430
5312
6238
841
9361
4412
6026
5824
4776
3861
9085
4966
8837
9609
2472
2949
436
8730
7759
641
32
5951
2319
554
4655
2725
2924
404
9711
4044
6729
9348
2913
5547
5489
7458
1208
8075
7960
8706
3192
8145
840
5403
7319
240
4510
8153
6548
4965
6370
3780
4362
5789
2002
5082
2803
6476
2007
4015
8742
1813
6993
8285
1716
1175
4177
3449
9576
7887
8679
3409
159
6694
7635
4536
2265
503
9174
1829
2906
1951
7545
954
3889
6642
7744
9890
4330
9111
732
2795
458
3321
2442
8591
702
8357
2411
7594
1140
4087
8309
8201
9483
1449
4133
4699
5008
1903
311
8047
2823
6727
4087
2774
2420
4094
507
8528
7263
84
8079
68
7133
7984
3909
4282
219
7640
7812
9232
2990
8729
1375
6921
2710
8196
6212
2643
5577
1300
2069
1676
6309
7098
5198
9117
9547
4294
5675
8304
3015
5473
4096
4896
7985
2560
3537
828
479
9895
2090
5741
8605
2763
1496
55
6930
6065
1548
5390
1142
2572
7267
5182
6250
5062
9043
6326
8503
2098
1404
7606
5203
8408
1536
8945
1666
7132
8292
829
6098
596
8817
9944
4013
6207
3235
9785
2426
4343
5844
1711
5605
3888
391
242
723
6687
7613
310
7498
2135
3427
1241
7954
8053
2671
3562
2652
5492
6653
5646
561
2620
82
8563
4209
6665
3563
5152
2857
9439
7270
3643
8587
771
9441
4995
4610
279
2471
6444
1982
8612
9580
5524
9529
8196
1184
3357
3570
4185
5336
7906
7102
2077
2843
7884
6411
1255
3723
7594
2040
2845
9773
9226
4268
5586
5339
6736
7732
6883
2410
5988
7309
1626
2610
8571
7241
4409
6171
4658
2656
3970
6588
6303
3678
9279
6931
5679
4736
6378
6122
7962
5863
7623
9613
4928
1455
3894
8075
3186
3976
5131
4224
9566
6296
5382
8290
6929
1485
3980
6367
8412
4192
1236
5409
3177
6239
1013
3706
7924
8620
6497
9624
5095
6595
8950
1904
6736
3856
8104
7193
5691
3386
1159
3857
1803
7781
2476
667
8772
3498
2902
5738
6666
9133
5652
1938
2091
9690
2423
2410
3921
4488
7586
3249
5003
2061
1913
8040
9736
9446
701
2270
3456
1028
7625
4581
1237
8718
6828
8502
7803
9212
3782
1700
7040
2990
8536
1318
5048
108
586
1335
2316
6137
8395
7995
7969
4544
5043
7893
4576
8580
453
3346
6755
62
4688
4544
4631
6877
8593
6954
7792
1422
8791
364
1572
153
4653
3641
2059
7228
6910
2904
7949
7225
2957
7017
5274
8650
2696
5033
1079
3364
305
8320
831
1538
5160
8105
8572
5163
2489
736
3972
580
9897
9007
6624
3896
4489
2620
9897
4249
6679
9262
1049
3824
5947
5635
7183
9884
502
3341
7422
4458
3199
7500
6369
8009
2846
5325
107
6602
4716
6290
3877
9317
1632
5754
9653
6088
5473
6854
8693
9917
3272
7056
6649
714
9577
9703
5032
6341
4861
1991
1934
4109
891
5081
704
4754
8330
4315
9836
478
5032
309
9535
465
1032
1934
7813
1257
181
2172
7537
8216
1486
4574
2321
8120
182
8352
7093
4568
4712
666
936
8138
5578
9773
8218
1642
9499
9097
9025
2539
9827
4273
9235
5983
4688
9601
6778
4922
5140
6967
6143
3375
9656
9605
9367
132
9704
1525
2617
5963
4278
8065
6001
9787
7165
9236
9638
4355
1173
4542
6556
7817
1037
9107
6659
2919
493
4694
2546
2329
1242
6416
1740
6913
1894
706
7856
3926
3809
6690
2522
1149
1073
9086
2119
5620
4576
8398
9408
984
6514
4915
3965
5081
4039
4359
3508
1371
6423
389
1224
4375
3560
1204
2196
3337
6248
8670
208
4557
9498
2673
5285
7719
7825
5161
400
8012
7591
3002
3583
8537
4911
9390
7003
4806
8952
4155
3277
5497
6543
8552
9575
8491
2270
8448
9271
4100
5963
6077
4835
8664
8277
5305
2120
5344
9142
7723
461
8614
6360
428
8233
3330
1203
7859
6332
9128
4231
6209
8800
194
4236
6932
4917
2519
3129
1581
4020
5996
9956
2883
6868
7152
9312
2617
6960
6286
3989
5035
6885
6184
5241
4966
2523
1507
6523
8422
7595
3045
5161
6161
2061
7495
4109
2497
8382
3611
6310
5446
6984
3550
7154
7195
5663
5345
7858
2822
1824
2675
5593
6816
3150
8690
8550
567
9834
9996
4035
8510
3790
1774
9232
2989
4326
7119
2214
5103
348
329
6705
8320
9080
8660
9904
4700
7323
7564
5194
883
7496
606
8396
6635
4557
2774
5066
4662
77
4692
3737
6483
2171
5463
1218
7751
6011
1655
6371
7189
9101
6669
7167
4867
3734
2390
3369
8346
8139
9776
6728
8189
8501
2320
8296
7443
9264
8361
762
5243
4775
6059
7372
5644
8984
3721
1594
8963
3507
8493
4079
8130
6622
8813
9691
2204
9775
5080
1948
5106
6124
5437
1360
236
7629
5895
8124
6887
5870
6218
6015
4206
6617
6568
6612
7250
8259
4246
7730
9847
3526
7342
6423
2593
431
4672
5570
4829
6090
2397
5012
7845
219
4283
3517
5103
7408
5474
1397
5559
5660
4256
8999
8140
3938
9308
7650
7793
4881
7271
7927
2223
3475
3329
4713
7496
2716
5332
4450
5608
4005
9907
8201
9875
1184
3303
4559
8604
5307
8607
9067
4378
5055
4134
2616
6787
4965
6432
5982
1583
1250
9647
7535
5004
6680
6159
3842
5715
5231
8664
9243
7894
999
6352
6316
2300
6744
8895
6201
1051
1987
6219
2503
1733
6165
779
7838
5430
5767
1355
344
1136
2521
9312
9817
5461
1703
9962
581
6880
2103
8127
6590
7923
423
5014
5090
2238
5136
9776
5573
9079
8232
6076
3569
701
906
3510
5636
3197
6852
7607
1917
737
8362
1499
7343
2646
6066
9804
8068
2796
2865
9806
1005
3847
8743
2795
6587
4736
3831
3140
6730
3661
6995
3176
7414
6731
7071
6037
67
6680
2564
7512
9212
7720
1661
7671
2338
4185
8014
837
379
5534
6110
6102
1756
2134
3678
8794
5080
7250
4267
6923
1729
9342
1715
2632
4080
3946
4786
8484
2744
8612
9511
6328
476
6859
403
4270
375
1953
6737
799
7064
865
5769
4707
4461
5580
982
609
2258
8334
4276
6790
6155
9528
2948
554
591
8807
9405
5132
1340
365
9025
2015
3864
340
6807
973
5490
2484
2069
4153
3462
4178
8595
1998
4203
5134
3297
2669
4253
85
1705
2878
6454
178
4630
5571
9706
3721
986
6603
5168
456
9129
6559
7381
304
1697
2732
4419
8403
8259
3842
995
4303
8040
4998
6503
2621
1445
8673
4326
3937
813
7801
2759
5439
2737
3714
3726
2308
1830
4901
4429
3620
2344
746
3627
982
2408
3975
3036
8388
2892
894
8491
8937
7241
3866
264
8278
8068
1377
5891
186
3259
424
607
7459
4563
4269
4788
3769
2411
604
7085
185
8921
3741
2022
5668
3403
7058
8133
836
1356
1634
5012
6437
8696
4092
6007
7112
1157
9982
3389
7628
4973
9527
6778
2283
2265
5541
3210
569
8482
4630
2367
5900
3202
5311
9180
2141
1620
6121
6735
2780
2220
8626
3784
4103
8058
4079
5584
6952
6601
6562
6198
6380
338
9718
8155
7602
3032
6075
161
9106
9606
7546
3522
2084
7063
7582
1563
2654
7143
1229
2057
1768
5031
6362
1574
5190
3643
5608
7012
1158
7364
5054
3171
9325
9163
3513
6916
3019
3889
8078
4625
3527
8169
2205
1086
9855
2209
2677
6990
6805
8174
7126
1134
623
4493
3574
3690
5590
154
3252
6028
1732
7709
7177
163
4882
2894
3077
9041
9295
7689
2977
3489
9173
6553
6814
2513
5804
9652
9917
9264
2947
2003
1295
7564
7412
1619
2402
7350
8402
2290
847
4456
3543
8268
8446
4784
9135
2490
968
8650
5319
7226
7819
4419
1637
8209
1372
5137
6363
7686
8863
1889
2542
8603
3651
9473
4908
625
892
9043
5601
6001
9215
4273
8927
3420
7792
7649
5249
1332
5806
9191
8030
306
9582
1159
3762
7145
9924
791
5789
2227
5400
4007
3041
2791
3468
4888
2778
9260
3666
277
7055
5783
8419
9370
3352
4621
2215
732
5020
9800
8700
9271
5303
4720
812
534
399
6729
7557
3086
6284
570
2342
1793
1627
5681
7418
7925
3662
8246
9793
3920
6997
7428
362
407
3141
9050
8488
62
2263
6382
5211
3331
8607
8671
6753
8697
4035
9327
7377
6302
1637
6934
8354
9423
515
3281
6565
4908
831
4633
531
8781
6193
9049
2872
940
6756
4571
2974
335
9776
1425
8003
3798
6449
8751
3109
6276
59
9343
165
4491
733
9013
3190
77
3112
1499
7279
5123
624
2218
2049
1581
6664
7745
5234
4079
2568
4790
8865
3217
7590
7806
7686
7169
3541
7589
1636
6488
4611
2106
2559
2041
3825
5050
9208
9932
9948
8069
4047
5083
6430
765
8446
5748
4715
8712
2544
3814
9363
8256
8843
6037
2739
2852
3437
5542
2952
6283
1562
9015
7056
7168
2206
5478
4024
1275
26
7300
4959
8183
7558
3341
1122
9868
9287
2523
8881
4925
2805
7929
3781
5088
6942
2364
8630
3519
1152
7134
7757
7487
4338
8844
7221
5249
4896
9473
8745
1347
3571
9611
9827
8105
1301
4195
9573
4105
8617
9363
3330
9143
6377
2152
42
8057
1232
4480
8719
5493
8589
4597
7303
4381
6751
3067
9921
8550
3358
9832
2179
9140
3129
8826
2163
5640
1559
3162
5986
6466
1462
9926
1995
5085
1588
8791
2121
4629
2098
2068
490
6395
3189
4843
357
6068
2040
6259
2143
4059
8580
8057
2806
7810
32
824
5673
1171
4376
8895
4749
5258
7762
5242
6792
5757
2778
7278
3872
3834
9116
2938
886
8561
1458
7302
2696
7921
6788
602
9240
7249
1524
9045
6016
2186
5403
3333
8484
9831
1868
8567
1526
8238
3002
9302
5397
4641
4826
7766
6718
5626
4158
4100
4458
3641
3105
9779
2214
3486
3388
5929
8886
5881
2749
2711
5289
556
8654
8082
7745
924
9111
7650
4002
422
2774
7332
1068
6080
5333
5516
6229
2265
4401
3255
9613
2958
9299
4345
680
1730
8636
1225
6214
25
4290
6672
9807
7787
6698
2713
5390
3284
6260
9460
6934
4747
8202
9962
6692
3191
4068
9881
400
2974
8518
8137
9432
8572
8014
1565
1231
7398
1142
6550
2499
472
3751
7463
3555
4142
4205
2199
2816
2775
3549
2900
5960
2897
680
8943
9787
574
300
4156
1889
8029
2353
6876
6078
1210
157
3848
1566
4656
1186
8737
2053
2503
3930
5833
5946
2121
9450
4728
822
9617
9627
1999
5724
253
7679
1439
4034
8720
9390
3591
1693
624
9952
5705
9015
5061
1890
33
3075
8621
707
905
7696
482
9422
3897
6720
3186
6825
7541
7606
607
3216
7129
1593
7313
5835
2718
8961
599
3276
5255
3410
2277
9025
7832
9983
3283
5280
3172
7622
74
361
1156
8739
202
3778
5240
8627
1056
6964
735
9977
3047
6112
2832
5175
9091
6994
7507
5662
9053
8674
2183
1156
6024
927
7546
2959
4356
7223
8902
7955
2672
5427
2271
5294
9734
8777
975
3327
4925
8196
4677
3024
5728
7939
7150
7342
9080
4852
5850
4387
6727
7215
7874
7521
4464
5302
3508
5349
7793
2741
8840
6054
1129
1487
3475
9118
8625
4111
9586
5179
8391
3667
2896
3859
2966
3290
9361
6838
9440
1077
6912
2580
3356
1251
5771
1500
9615
9080
2295
6823
1978
3662
8461
6043
6245
1471
1496
1394
4010
4752
4510
3112
4677
1859
5785
9712
5079
8297
1685
8786
5004
2781
8793
7884
4024
1275
2548
4822
5289
1830
6618
3179
3972
7792
612
4319
8173
3345
2991
8117
3113
6005
8269
143
2657
1213
134
4501
9425
9014
9037
8620
4566
2537
7036
2649
2749
6766
5759
5633
2173
7641
4995
1693
1878
4726
1034
1284
1207
4972
3167
427
9229
6258
2555
483
3479
7381
547
7556
7479
663
7295
5008
5087
6165
1459
4444
4982
1568
6946
7836
6574
1686
4478
6310
6875
2735
552
4895
9182
1485
7279
6741
251
9671
6006
2176
1544
4627
7073
558
1057
3195
49
5162
7116
3040
6836
7886
5184
1571
7945
165
5915
5305
6157
6718
6040
9974
4429
5853
5948
9914
9370
1802
9272
2207
631
4684
8491
3774
9082
1518
9262
4484
8568
670
1021
7189
3521
789
4706
9606
6418
2420
8967
3850
8002
2978
7950
3343
3522
319
7835
974
2731
8040
7677
2226
774
3039
2768
1134
215
5092
5682
4424
2076
3725
4156
7374
1518
9802
7270
2535
3756
5590
332
659
907
4836
6412
1232
7270
8405
9727
2637
6824
6196
8907
5662
2471
2313
148
4723
1723
8391
3404
9956
8327
2535
5015
8844
9763
7656
4099
5679
3643
826
6855
8547
6578
3290
2402
539
2746
9768
9283
817
3839
1464
7258
9383
3112
3159
4528
1371
2586
8903
5605
2828
6161
2883
3768
2283
3488
1299
1264
2426
1851
6703
5594
4484
3725
2827
7571
837
5390
5101
7943
4729
7430
3642
8467
2814
5692
6813
7162
9256
1282
6593
8758
6415
4961
8903
2249
7162
1838
7347
7090
4524
5722
7328
7052
5897
1537
4115
2878
4945
9337
7227
6432
5523
1655
2939
8672
4909
5906
3780
5255
6993
9093
3961
6950
669
1559
362
7072
9806
3235
6074
474
8441
6516
4232
5357
3728
5708
3088
9820
8685
7723
4679
4551
7700
4134
9784
6436
25
373
451
6390
431
1428
4549
7804
9356
4124
4755
1200
1659
1997
6725
4230
5963
7820
1606
7882
2864
1352
4594
2682
1370
7701
8388
5209
6003
7383
3946
5088
4351
9340
5480
6601
7974
3990
7989
5490
2117
952
2716
8946
1084
7855
863
5624
1053
4885
479
6467
565
7120
1670
4469
7674
9258
4160
2800
9185
2841
5182
432
3758
2482
7266
4202
3611
821
265
7956
6211
4288
476
1117
8581
2539
8567
952
4180
5126
6007
3301
7896
2534
1149
6450
1591
4063
65
841
4493
2317
8454
7487
3604
9776
1813
354
1432
9066
7278
1718
2126
5628
1156
2454
6648
4596
3954
6909
120
1427
9213
4744
8367
1449
6838
649
3536
4197
3344
5856
3433
3077
5728
1140
1950
8764
1100
5032
5062
7824
7989
7909
8827
4690
7318
5101
8104
1571
5055
3417
8659
3598
9424
5796
2902
3088
5160
4744
1901
8575
5277
8551
5742
4530
7713
7098
5616
9673
2175
8555
6543
6839
3325
5693
5101
2142
112
3010
5032
8258
9225
6563
1400
578
9722
5002
1245
9554
6274
299
5160
3370
5906
1620
9646
9996
8144
4508
4622
5977
5329
239
5377
1279
9570
6526
3790
7046
6719
7969
3570
7956
8109
6704
9811
1047
1132
6372
887
8349
6826
5789
5274
5593
1231
3478
6510
3348
2753
4900
6737
219
9612
6393
8364
7588
9704
7602
2765
9475
71
1292
2481
1695
2379
2085
2117
4457
5532
7127
5881
7281
7752
687
7467
1246
4074
7233
3852
2771
2951
695
8310
727
8294
3802
4993
4137
7976
2609
9588
6543
6548
5547
1569
1407
422
590
3523
1052
2859
7110
1110
185
4704
198
3193
622
2299
9418
8611
6708
905
9077
5428
493
2864
6597
6158
211
9456
2326
64
3075
9367
6983
7470
1076
260
8108
8799
6779
2102
1461
3694
284
32
4976
7032
3786
8802
2481
3580
77
5597
2504
3284
1984
1433
68
3796
704
882
26
2976
1844
7258
6244
2815
8820
3239
1552
5800
7081
5436
5807
6234
3453
8884
4796
6694
1902
8152
6799
6820
9842
6867
4503
5175
1824
9306
203
318
8470
5463
2135
6309
1191
7114
286
5722
6199
4017
4903
8837
3040
8103
2666
8036
1639
9098
7991
5786
1993
8496
1459
998
8379
2667
3461
3585
8856
402
3813
6111
9940
3802
2108
2474
3774
1758
9510
7329
403
7939
8404
7114
2763
1070
9375
8536
5038
1244
7522
9116
8548
4284
5829
4167
2037
3096
1250
3151
6851
2423
5131
5961
6759
8096
9051
7838
6913
7607
622
3143
7511
4577
7824
4338
9617
8787
1890
9351
6015
1350
5890
919
8286
6046
2963
5521
4637
4808
3212
7340
3826
4676
2292
8359
1306
8854
6973
5329
2904
2518
603
5804
2061
7252
5072
2915
1221
7442
1021
4912
7660
4114
9402
561
9584
7385
969
9450
797
8664
7964
7420
990
5028
2264
3539
4329
1036
6733
8831
8238
724
1404
2538
3880
8066
6
1784
8777
2017
3459
2822
1172
3059
6813
8604
5779
5459
8611
5127
1735
1369
8622
4774
986
1468
2036
5413
2088
5246
127
1571
1183
4430
8459
8219
6567
7531
6677
7222
6124
7943
312
9206
8870
5265
4377
9619
5991
5655
1090
7807
2952
3504
5973
7399
3174
1196
2473
4448
7275
1497
5120
6122
1162
6160
2817
4748
249
3533
9024
8330
8377
1542
6628
1078
4157
881
5454
7893
5925
5341
5728
2842
8169
5548
8603
837
4873
3981
5188
5563
3613
3754
2258
3963
3495
5994
2847
9608
168
6933
5549
4458
6945
4372
188
6298
2639
4624
9086
586
303
6279
6006
6682
8006
6941
7269
9360
3044
4647
6538
514
6604
9530
3019
1949
9538
5426
6127
2033
8872
8565
5493
1442
4324
6123
4010
5661
340
9049
9263
347
3896
2706
5727
1197
4472
5490
4292
7857
8334
5429
6381
2866
5179
7100
3475
6467
903
1596
1457
3842
558
9918
6563
7771
102
5231
8189
1230
1328
5555
2253
6538
7629
3641
1062
7254
6146
959
8020
7266
7297
1966
4853
146
9443
2211
5014
4038
353
5752
2960
8487
6958
6334
4895
8293
5707
5698
2072
6271
527
2403
648
1585
7179
4396
61
9935
1163
5916
2593
6956
9453
4998
4740
8214
4290
6955
5638
9994
8832
8532
2996
4888
2942
790
3748
4593
5942
6684
2396
6284
744
9654
514
6734
7986
4089
7268
5063
2475
946
5921
768
9326
3284
2799
914
2883
9272
3013
492
5041
880
8684
147
29
8051
8475
2728
3202
4256
9571
1058
3460
332
1437
8419
5823
990
8994
7773
1865
5955
5897
5982
9827
2634
1081
2165
9456
2626
9603
9672
1777
3427
3285
7076
2028
22
6730
5100
7479
9125
2839
5191
8794
7753
2808
407
5113
8274
1576
4327
7897
5615
3399
7364
9960
3592
8659
2569
4079
7798
2593
9157
3301
1613
1347
1094
8007
4893
6174
5986
2834
7345
9283
4287
4748
9736
1565
7045
6379
3928
3571
6988
9268
9675
9330
6493
8335
1735
6757
8484
3355
3411
2019
4865
9136
9175
347
5639
6697
3742
9013
8341
5242
1944
6450
9206
7204
7257
7324
3503
9747
1380
71
5912
4083
910
7438
2823
1520
7669
2572
2303
6362
7310
618
6153
8006
6081
2436
9336
2658
9377
9729
2753
7145
4580
6888
7659
4401
4539
2910
9166
5086
7111
7705
5489
9055
3689
1251
468
3344
6109
1874
3118
2491
2431
8989
434
3338
5082
3086
7196
8732
6295
7263
8607
6622
8312
4752
4659
6985
1237
7011
9459
8708
6875
3788
6270
7468
5305
1707
4062
8828
2173
2582
6746
357
4964
941
4163
6962
4549
4469
1133
3128
3872
5094
5749
3453
2515
5304
2488
8294
267
8039
6810
7450
7841
6971
3156
4444
6406
3526
9469
3671
1391
5304
5920
7806
2398
5493
4621
7228
8269
4952
9788
95
1614
2858
8836
86
4139
6130
2446
908
2672
9336
8254
6694
315
8628
8453
451
9355
8339
4088
9926
8173
1926
5885
3350
2137
6956
8685
4026
9119
9382
8458
6612
7643
7977
2137
2804
4679
5739
3013
5258
4732
3363
6626
5242
3305
7904
4825
7275
3970
7699
780
3247
4490
2095
2691
1705
3081
5102
6219
8059
2880
1345
8692
2446
8548
6799
7950
9653
1872
5353
6488
767
9716
7320
1263
9582
8777
2973
8654
2509
6143
3465
3389
7109
8100
3811
5023
9306
2772
1217
4271
9132
9816
2852
4450
6462
726
663
3225
6094
8733
480
4733
4052
6719
4873
7722
5082
1163
3694
9315
3758
1701
4397
4350
3848
6312
7969
2358
4961
1666
8871
2856
5310
6689
1580
1011
3969
6291
917
3832
6208
9130
3007
430
4828
2098
4472
5950
5570
9633
1109
2579
5241
564
5644
2602
1912
7687
4870
1813
9237
8849
9629
6215
6903
2200
4161
9405
6284
691
9658
8778
9480
2202
7733
9228
3797
2935
7483
4363
4523
5279
2788
6578
640
8636
7788
4738
4259
5453
521
5522
2797
5260
7556
7980
7324
6021
1940
1233
6721
6671
7416
385
5645
2952
1218
1870
9658
6694
4032
1020
6634
622
2604
1007
8947
8884
8086
2783
4267
650
3932
6699
7998
559
9885
1161
2938
8025
7187
4211
1008
6182
120
9340
3965
968
6149
2017
3878
2853
9538
1323
2439
9871
6962
6689
1182
199
9446
6618
620
7305
1242
8
9869
8431
2288
3315
8578
7592
8091
6617
6173
9654
9288
9686
504
5004
9093
1201
8071
7913
5898
3262
3013
3096
4186
91
7402
3772
1392
9551
524
8451
880
9098
8558
9890
42
756
7431
5363
4965
3208
4299
2632
8713
8669
9926
1479
8677
9942
9102
9764
3688
5538
9571
8288
4330
5068
4930
291
3078
7668
8766
6147
9582
6046
6141
1932
8756
4931
7225
3912
5185
1350
60
5798
3212
6473
5839
412
3099
8709
1150
1272
4091
4285
6965
3057
1613
5664
9995
8638
8157
4407
2818
2695
7630
5563
5367
5631
3141
788
4809
3986
1267
3975
6870
8915
9163
4499
1365
4093
1086
961
903
304
1748
8861
7945
638
1638
2162
1548
4399
9234
6209
8634
4156
9951
4113
5094
8854
2260
6057
1106
1949
6472
2548
1154
4662
8548
7469
1547
5460
1676
1123
288
6415
8129
3365
1600
2096
4317
9986
6101
3200
30
1572
2804
3389
9627
5082
5369
6724
7715
3831
2879
4829
2087
8399
2347
2076
6417
7931
3906
5948
273
525
2496
222
4600
10
3075
8602
5377
3784
4445
2079
6039
6551
363
7051
1692
7938
2711
3442
2033
8573
5452
414
2675
6040
5696
2848
4110
8257
6221
6999
7725
7356
4832
3756
4669
1
9876
4229
8071
620
5212
9933
761
3216
6287
9320
1560
2056
7259
1137
9828
7670
7303
8729
2951
361
6423
9337
3104
7884
8523
9001
6840
1664
5167
3627
6469
5728
4833
4357
9105
4724
1248
2313
9838
4704
6424
8015
9943
7073
8023
8705
3101
3598
5275
5455
4421
816
8165
1410
6614
9786
1710
2258
228
3727
7114
9126
8348
2199
7833
6878
3470
4686
2407
4029
9592
2605
2480
1331
9559
7425
4742
9946
8615
6605
765
6376
5818
9290
2752
6851
5853
5477
8031
8008
9727
133
7309
5855
3714
1132
2644
1634
3101
3555
2141
4489
2637
6206
4368
1052
7767
5454
3223
8858
2058
4120
909
5862
3234
5311
2513
5820
33
7975
1979
1613
1175
9291
9727
2804
6505
3295
7820
418
4718
9469
1382
6436
7653
51
5882
5488
5137
7710
5150
4110
5168
9662
9578
4514
922
7405
2074
9711
6436
6479
9878
5816
2832
9947
2347
1175
8359
3405
2475
4801
1058
2185
4478
2192
1147
8729
651
1706
1558
3511
5313
9241
8834
7191
4080
1703
3172
1467
9385
7306
5045
2438
8622
8758
4490
7330
2059
295
285
8614
3872
6637
49
9362
8221
7223
1214
7661
8700
722
5502
9825
2553
9493
9920
1804
3936
9685
7010
9166
7477
518
7409
5901
4999
5898
8177
4930
3096
5761
4044
5239
4251
1826
7659
896
7027
4341
2534
3450
6122
3675
1530
7085
9687
1661
9236
7788
3687
7684
2372
459
6801
2048
2407
3765
5467
7533
3561
659
8919
366
9551
6003
7517
2987
8028
8278
2241
1998
8813
3827
7109
5630
2298
4734
9589
3738
3535
4793
2949
5738
5450
3178
1878
5289
6009
8245
4068
5244
9149
9756
3440
4046
3181
1041
7331
310
5164
2971
6500
1591
5205
9415
5701
4005
1115
592
7633
3162
6993
1852
3978
3212
833
4132
7280
729
5807
2639
8077
4618
2919
2268
1812
471
5668
112
1060
5933
7551
7634
9042
8987
5122
5578
755
3087
785
1892
4450
605
3656
4892
2963
7150
8136
6304
3067
9125
3469
9997
3973
4589
443
668
4711
4407
2273
5165
6127
3000
4577
661
8525
5907
8660
8222
1283
374
7953
3336
1296
4848
6910
7324
3631
4564
8154
612
1607
6250
3078
2789
7534
8086
3938
8798
4741
7829
6045
9590
4400
138
3125
6215
396
636
1386
6527
2429
7953
6530
8478
7939
58
8044
1075
7910
3831
113
9874
7323
8130
5451
2081
3034
4291
8488
4555
1200
5639
1779
636
8342
2377
8579
233
4777
7300
2897
814
2627
7909
9886
7002
6638
7410
2392
2569
6197
1674
2468
3733
6828
6145
9818
8070
2468
9411
860
898
552
2844
7603
5280
1702
3557
2963
2211
3638
7177
5763
3127
3021
8690
913
2207
7971
5551
8900
5937
4744
84
1583
1697
1925
9397
2433
6353
5517
9153
6578
8890
2760
9273
7084
3302
7010
8234
8608
8064
5283
1917
2410
1966
5879
819
1645
1954
7622
3717
1304
9561
1846
6495
517
5903
6428
5426
8770
1581
1431
4601
6227
6069
40
7873
9886
5195
1353
8757
6216
7015
1197
7281
6270
8243
6910
3197
3408
9910
4313
1938
6943
6614
2980
6508
4854
4914
1357
6499
5864
5186
2151
9299
7320
8839
9889
3784
206
8866
2199
879
7138
2480
1567
9108
6505
540
6576
5886
3538
8907
896
6788
1362
6303
6603
865
4120
3
105
4934
331
7979
9800
2150
1962
6334
4473
5094
7131
3009
4396
3193
3350
881
7820
6807
1177
1576
4709
5193
8181
5131
4906
5326
122
7447
6002
1838
2937
1979
8570
6461
8284
7808
3311
8995
2124
1961
5674
8689
8064
9371
5700
2335
3039
8461
672
7967
9657
676
5973
8357
4671
8707
4622
5369
5636
2604
9796
746
6278
9412
2025
3262
9846
3748
8782
1972
3439
1810
9695
9097
2122
2902
1462
7759
8149
532
5266
857
6028
4726
6064
7860
7107
7170
3660
2804
1662
177
3068
2118
5720
4828
5376
7491
306
9735
5410
9897
2211
3573
6266
1488
8866
8262
1762
6364
3303
1799
5909
8905
5170
8698
3689
2612
9005
65
1124
8330
8635
9419
1447
2110
7739
65
4764
5260
5605
1797
366
8680
8983
7581
9318
6465
9291
2584
6477
9976
5290
7554
6990
8542
9171
2166
8400
8085
6477
7435
2193
3781
3866
4059
28
8593
385
7231
873
6569
6927
8079
476
3134
6211
4393
5347
2679
8952
4392
2237
8099
5780
9546
8329
9474
1152
4299
5293
6576
1168
9288
4087
7913
7588
7368
8751
4253
7298
657
7161
2657
1971
1456
7081
2203
1860
7946
8177
6199
4381
6046
2680
2737
5369
7612
5434
3052
2182
7947
9102
558
4723
3274
8223
4867
5737
4529
8294
9267
6976
1683
5675
2063
7554
6209
6570
3204
6806
133
6716
4652
4722
1552
1162
1724
5478
5456
3817
7531
6429
535
55
9988
6313
4599
1165
7659
2191
4331
6322
7228
3342
2171
7592
1354
5840
3348
5314
7293
2863
5402
2716
2282
3272
235
3057
9218
3584
5804
7392
5639
2818
5703
3216
9929
5115
1727
8808
6249
9859
794
6827
2895
5487
6161
8641
2721
9183
2918
8862
2862
8839
8320
9464
4996
748
8564
2649
581
9709
4715
8055
4117
4298
2338
7921
5828
714
7334
1557
9981
2001
5180
378
9115
5404
5943
2073
4238
8376
8463
881
7749
9230
3173
9699
2536
8923
8007
6670
9403
2342
9530
1210
4226
4795
7806
5876
3722
5073
2335
1582
1881
5752
8852
1797
2251
5243
1541
5259
4818
3748
5189
1786
8934
4685
5813
7140
4963
7945
2600
9388
9007
9858
8212
486
7287
7339
8108
6638
2437
2652
4175
5567
1903
8778
3699
6179
913
6796
2391
5524
2274
6077
1239
713
4843
6390
9269
6147
711
1436
5227
2699
4840
5781
7279
1441
1448
1240
4440
6234
4827
2713
8654
629
4443
9941
9317
9954
9716
2127
9458
2336
4863
3048
5183
8465
9295
7903
3541
8410
8788
522
9152
7904
6026
8757
9044
5985
9791
7717
389
5283
6978
3008
6788
831
6831
5174
7501
2969
5845
1016
9390
5426
5120
8516
9410
9164
2541
5877
6577
9351
1537
4453
7982
5127
3557
2229
9900
43
1159
8578
1492
7024
4552
4106
5396
9579
2691
2688
4661
8376
1931
6811
6418
8012
1423
8510
3224
5265
4436
9930
7501
9304
6917
7222
1609
1692
1202
4186
6293
4654
9079
4060
6537
8334
8605
402
7848
2133
331
3684
9118
6855
757
7653
6059
5231
9797
6677
4909
4990
4125
1926
1627
7786
2363
1872
7942
9448
1593
9134
2032
5498
5349
9603
3833
9249
5003
8750
6159
6205
9037
2900
5581
1305
5746
5774
4372
3419
9812
7841
2166
8149
4148
7504
5513
6553
6468
7874
7054
6552
752
8576
6701
7393
5587
1576
1630
4537
6206
3510
9910
30
8448
4371
690
9800
7309
5380
2577
9975
4759
9547
7808
271
6770
771
4782
1872
2154
5288
8892
7386
1234
1839
7994
4703
7268
4702
4703
9019
7757
973
5492
8934
4803
7679
8765
1258
2680
4980
1786
5460
1217
8025
5223
4002
6003
9543
3134
789
8443
4204
7545
1282
6531
9687
3044
3686
6226
1285
2442
8241
777
9194
2697
4865
2872
3310
4589
8059
8055
9049
7827
2117
4408
756
3769
5711
9301
3553
723
3451
3722
1643
7919
9313
3329
8530
8628
2103
784
9498
9214
3789
2624
4556
4588
2591
7914
3036
8997
8675
6894
9367
1961
2846
3453
4762
5728
7631
9942
6478
9894
8555
9986
6572
8390
5278
1503
8783
8144
4607
299
4169
4917
1202
335
8419
4559
1872
9815
8254
2556
3210
916
5191
734
1460
333
7122
3375
3417
2257
1409
3476
4593
8375
160
4708
6693
2165
2601
19
7927
7343
8454
6712
6244
6045
5293
5631
4990
907
1416
984
904
9481
4820
3449
3454
5641
1822
1046
2418
5125
926
3125
9936
9589
5594
1488
5367
4442
2886
1028
9341
8833
5491
3502
8298
5917
8652
6920
8482
8935
9550
3995
6403
2030
7189
2532
1445
2581
3784
599
4772
2375
7450
3130
6511
5227
8305
4949
1372
6401
2468
5204
7157
5939
4775
437
6018
2634
4809
3970
5619
4866
4905
9176
7618
8362
2302
5541
1011
1906
2959
3788
7713
7994
6334
1735
7754
7876
1534
4818
7117
8735
2593
9064
9882
8754
9401
3569
9338
4740
1838
1763
3544
8608
7594
7068
3088
8973
858
7585
9229
224
9241
7194
976
3672
586
5177
863
4738
8265
1970
8862
647
1747
6675
6719
8606
9353
3811
4411
6525
3039
8606
104
1847
8432
8605
8495
5849
2765
1242
8010
4099
1932
8793
671
5321
3407
4575
5302
4555
1904
6272
9106
8696
4576
1213
1390
5248
6150
7559
3972
8506
97
7909
8171
1603
6018
1747
3018
5488
7699
994
343
26
9055
787
5390
2250
8689
5883
8068
5127
2965
6629
4525
4816
6140
8050
3882
6400
2825
5008
2432
9142
4042
5662
9331
8039
6769
9024
1313
7230
7521
3297
8995
9180
1519
6258
4346
3444
4018
2587
7301
9805
4170
3048
7226
1041
9911
3412
2540
3507
1168
6718
726
3118
1610
5688
3476
4414
2522
8878
1730
4086
2817
9195
5193
5327
1876
7190
6563
7455
8975
7301
7421
8412
4071
5255
7463
6551
1262
3795
8799
819
6599
1927
8196
1694
9717
1501
7693
1525
6815
1828
3096
1107
6102
7000
2947
8103
5618
340
2145
7076
3681
664
2962
7268
6550
7522
9095
9518
2208
7687
6417
407
8561
134
5071
8770
4276
4217
9486
781
0
6948
6781
8774
5449
9078
9284
1072
2801
5812
8797
8434
9456
311
5238
1731
8109
1840
2365
1549
5994
6905
1440
6312
1076
4503
5634
301
4304
5706
3327
148
3767
1573
7221
9548
4424
8913
3649
7921
5323
4016
6585
3754
5220
255
1957
8525
3330
5153
637
5710
2211
7241
3291
5644
267
3971
4401
4707
8407
5403
4551
500
5544
319
4434
8098
4527
7790
3140
7647
1139
8256
6817
5228
4960
5352
8405
643
6274
6994
9817
368
8403
7223
680
2397
2276
7074
6536
7229
9501
4485
1382
7158
6492
3661
5088
1191
9274
1660
9647
1994
333
6786
5246
6064
4743
5685
549
5840
6298
1941
5884
4055
5838
38
6281
5664
7126
8680
4444
3969
9558
1915
7836
3518
5810
5088
8229
3735
1928
9910
6388
1116
9994
3949
6473
758
1302
4623
9540
4495
9043
9501
5509
9042
2559
1929
4097
7318
24
1028
7761
9313
1298
3140
9872
9032
5715
9070
863
9726
685
230
543
7429
9200
4177
7642
8584
2418
9690
7
7567
2421
3845
5614
8059
7631
1724
7348
7799
8002
872
9596
7416
3127
903
6572
8084
9029
5382
7492
235
215
7174
9793
2172
4944
8379
9954
6828
6646
9713
9414
810
7153
206
8651
2016
8530
7259
3472
2925
732
8900
3507
898
5682
246
8234
3140
3374
9534
1857
6426
8417
9251
2904
6200
3700
3539
9282
5020
5790
5356
5702
7283
7991
4950
757
8375
5422
1942
7200
3500
1997
8280
5429
2579
7672
7066
3159
5531
4359
9482
8645
689
8625
7489
6021
5514
3170
5010
9924
859
3022
7423
3936
9508
6303
1819
6314
8772
4668
1773
7574
1327
2324
6104
6202
7408
8143
2207
2224
6924
6737
6469
3079
3083
7246
9697
4200
9522
3459
8486
7839
6875
4610
6284
2008
6192
1026
8516
283
2097
1442
457
5156
6993
4605
342
547
2075
2021
9335
7608
568
2004
1042
8013
3757
7382
134
4912
4443
2850
5309
1410
8860
830
8835
2990
9451
8175
73
7749
6203
511
3089
4423
1284
7619
4046
1136
5341
1794
8682
8384
3664
6487
3565
3139
3122
656
9044
6622
6333
6306
42
5774
6393
6915
8743
7780
1224
9998
8326
7940
9652
1492
2313
7063
7003
6705
1195
7982
6300
3402
5885
6923
6935
1080
4777
7699
5252
5122
288
2011
315
5036
2485
2073
3203
2942
1456
9616
8618
1929
3478
3955
9249
6949
5217
209
6987
839
7496
3800
3003
865
5073
4040
3050
7716
4004
1509
7691
4081
5012
4686
5124
9433
9484
6999
1824
1810
8827
3713
2651
3166
7298
22
5785
6362
6365
1977
4854
4497
3780
5119
4384
5894
7142
8650
2058
4729
802
3371
1099
9533
776
31
5893
4288
30
8536
1092
7822
4765
9341
1967
5451
7897
2032
3274
8807
4160
8793
828
5528
3515
4321
7318
6866
4911
2083
2706
7560
3589
9944
7643
1214
5250
5346
4436
8946
2367
137
7917
7340
2054
386
5119
14
2313
6164
5427
199
5150
5616
8290
1211
393
2395
2850
748
6895
1280
1794
9512
9475
2852
8904
5216
3661
665
7425
2778
405
1091
4866
791
3222
1584
3751
2427
5067
4991
831
3897
6379
6471
9098
1818
8231
5677
4480
5157
8779
3856
918
1296
3419
2208
3926
7514
6453
4674
9627
3266
5795
5684
6285
4224
2303
889
8227
695
3812
765
8445
2593
1805
1465
2230
7096
1840
4583
861
9346
7327
2167
3555
7054
9246
2772
954
4435
7543
8225
7730
3336
1102
5382
1497
6136
219
7874
8856
1550
2446
3436
3329
1334
402
241
2773
5504
2694
9847
1629
1886
9128
2068
2957
3980
4023
3607
1324
8413
4877
3952
7484
6151
8571
6144
5710
7627
5116
8564
5391
2908
9209
4538
3418
5329
978
2138
7732
2742
9591
8353
3892
3730
7595
4929
4046
619
3085
2468
176
7013
9275
8358
8208
2589
8247
1315
1066
1088
6524
5834
4799
6775
6152
3920
5811
9946
4672
1295
2147
9701
74
9184
1647
9782
1469
5975
3187
5624
9509
2484
1305
9807
1048
2706
8839
3478
5800
1135
2149
8319
6051
7575
4276
8758
4998
5242
2173
5363
3433
2302
9112
8581
4577
3284
6064
8133
2379
9125
3313
497
3172
8594
4386
3292
6947
6828
2748
1284
1041
8605
3053
1964
9635
4832
1653
6466
1371
4122
6820
2375
4517
116
406
2984
5923
4564
5263
2318
6258
1773
7599
7856
7697
9456
4885
8528
8494
2403
992
9460
634
6017
9100
2946
4583
6096
9801
6331
5525
3693
9347
8991
5259
6265
268
7427
3760
56
3407
88
3604
1734
8701
7434
5836
2216
1170
1920
7399
8175
213
1366
1347
7091
9116
3614
5530
1447
896
4187
396
9435
9587
3135
2129
5685
9357
9772
914
3451
1273
429
3402
3678
1445
6048
1683
9240
8963
6191
7069
2418
8750
4813
1702
5781
4386
4668
6823
8712
1475
5013
8099
2797
8779
8740
4522
4520
3170
6220
7071
5322
8738
8278
1878
7653
5411
831
1608
3358
9312
2124
7760
1590
4888
5803
2945
1214
7797
1209
4712
218
6926
6253
9096
9566
4170
2684
2674
9183
4044
5580
1602
3074
9677
5408
9342
8338
4750
5228
5657
3338
475
4051
6346
8941
445
2038
7465
9409
6800
6539
103
3044
3555
7559
6987
9555
7960
3749
2586
9171
3814
4430
6802
8913
7010
8081
1000
1774
474
4164
9015
1702
6802
3858
969
9274
1465
6985
5823
5911
6976
5678
3619
9023
1793
1227
8691
9311
9120
3041
3932
6832
2054
7832
5114
3686
927
2359
5164
6916
1769
932
2532
4636
7102
3327
9493
3325
7873
5073
2574
632
285
1654
4687
3449
3379
7697
7748
4656
1975
3481
4450
3430
8592
1704
6536
3027
4423
6307
1425
1087
4549
9794
6066
4891
8762
2076
2725
3110
8505
3179
3340
7552
2957
8976
5156
8226
1204
1074
1626
4922
6517
3830
1244
6618
104
1592
9358
2620
5094
9924
7818
2963
3579
5615
5528
6711
104
8327
6835
8422
7067
2326
3
5967
5884
2260
5941
6701
232
1005
5023
6527
2412
6728
1379
8326
8063
8718
824
9031
7978
1039
1905
4361
902
6738
7716
7874
5323
8271
383
3866
9604
7138
7226
3323
9498
8146
9203
8775
944
301
583
307
9628
2569
1710
7795
154
4114
8915
5197
7127
9506
7396
9161
8784
5625
901
3475
4719
575
8703
6666
6778
6844
8493
3434
4617
7674
5266
2992
9633
5967
1006
1193
7011
3683
9194
7872
3832
694
6348
3117
353
278
7434
127
3738
4706
1183
4566
6485
2415
9831
891
215
8361
321
1116
4980
4016
8217
4126
5992
2510
993
1568
7594
2774
6393
9929
2099
1014
5882
6233
7075
2846
8783
6230
5076
5823
1108
1389
4544
2003
4628
2543
9009
7912
3669
8479
8740
4031
6359
484
8287
668
8472
4742
6633
5649
2030
2914
8647
1677
1314
9035
5785
2533
8353
9309
3355
1646
1644
4363
7678
4567
236
8153
1958
9341
4411
7683
4585
1475
2032
5350
36
4045
9976
5978
4616
9876
3503
7183
7166
7863
7321
8372
7004
3311
7692
470
5320
9010
3835
5674
2889
6945
7054
4309
1815
9825
9159
4407
3230
3047
8183
3023
1391
9051
5078
5313
7871
3183
3710
1896
9238
9828
5247
5115
9165
7002
6266
9364
9935
3540
6881
1617
4477
2992
1334
4170
3328
5718
9781
759
2625
8522
8234
1585
5796
4721
5603
3031
7889
7362
7444
5614
3262
3598
8863
6335
7184
7845
856
1247
8950
3514
9098
8437
7968
5742
4372
2149
2840
8626
9173
7810
6948
5822
9350
1264
6609
4205
9015
2215
2498
7604
9518
7517
9529
7580
2885
1647
6843
7218
5683
5256
7654
2276
4564
9604
5499
7472
9578
1325
7537
8215
5850
6158
9218
8389
779
4489
8665
2869
9739
7989
7304
846
6177
9006
1456
8647
7106
4267
4352
7800
3216
4512
7370
7530
5444
370
7309
6034
9517
762
1944
5933
6605
9032
6347
9163
3964
8613
3217
715
8833
1605
4697
7768
8376
2397
1789
2247
2424
5731
5041
2653
5812
1744
3932
4664
4075
6377
5954
8140
3664
9129
8828
7694
8046
1236
9712
6818
2514
6091
159
4992
8329
113
5623
712
4876
5224
1902
6122
8766
4047
2282
5654
5923
3896
6932
3898
2231
6529
307
6973
958
9200
472
6497
5655
1740
9964
4635
6410
6011
8289
6827
6313
9744
1161
6319
2019
2226
6169
8706
1648
7635
933
8910
968
4949
7473
7403
90
9341
1123
9734
199
6098
2782
8191
6990
1473
2474
617
2908
7503
4808
954
1997
8089
7666
3971
2104
3626
8270
459
8909
7637
31
1796
2885
737
842
895
613
1931
8382
6756
4275
2980
5744
40
5467
3595
8491
2919
5756
4469
3485
2213
8042
5693
3756
1824
9592
8373
9609
8338
1082
1469
6120
9526
4382
2196
8457
9670
6042
6409
6841
1980
9514
6268
3396
2180
9873
7840
6968
2972
3761
3607
6704
5841
7754
532
2671
5584
7062
7061
8594
2595
8613
8055
6004
8493
4311
4804
8945
4868
8936
5249
8379
9065
8467
6473
5520
1530
9262
7203
3079
4790
4938
6454
9338
9439
7988
1103
8978
9009
8586
3109
4268
2397
4783
3407
2151
4967
6299
5351
8259
7232
5842
7844
9738
8782
8154
7313
2411
903
7527
2033
7771
661
4370
8928
3802
5018
9490
562
2972
1749
6519
5911
590
8788
8393
6905
3745
7755
5265
2957
8148
6354
1489
8430
6113
8818
2192
9665
5612
6029
9100
9353
4727
741
6816
6507
893
260
5211
4604
4357
3387
5353
610
6241
6458
20
9087
5486
7799
5428
3711
7553
3329
1271
7901
5093
5625
1188
5732
7043
2516
598
9840
2939
2586
8532
6763
4776
6698
2642
2883
251
9671
1058
4728
1604
6485
1022
2075
6482
8141
4464
4134
212
9196
614
9717
5067
2013
9058
6960
9313
6950
1507
1139
6115
9220
6541
3851
6440
9617
7095
5575
2339
3292
8042
8089
1070
175
7305
8367
3626
6422
6804
1398
7598
9115
397
5143
6434
2037
3662
6185
7046
5113
3860
2985
770
2118
5416
3022
6462
8149
8094
3636
2086
4026
7713
5155
2420
8810
8916
2567
4441
6218
612
1264
1084
1726
3275
8908
1540
4149
3774
7193
6995
4641
6841
618
9628
5785
7683
3843
6226
147
3155
613
5101
5718
5874
7926
9501
2518
4027
4110
8666
9822
8251
772
2107
3464
23
2331
904
3210
148
7451
2240
9692
5814
2404
9467
1296
1285
2598
4634
8615
1224
3133
3369
6737
880
142
4217
1393
4980
6882
1636
302
3526
6344
8986
6593
7093
1017
3279
161
4938
8385
2025
4672
9941
670
5422
6352
3439
9696
9747
6881
934
9234
9826
266
6957
4026
7595
560
7353
9424
5951
1982
7057
7488
3730
882
7220
3823
537
7555
201
9144
1289
2296
2007
6501
5271
6660
8044
1087
3455
1800
8658
7907
26
6669
1328
4336
7783
4134
1051
3821
2608
3926
8498
3773
2456
5839
5966
7526
7555
3274
6253
5723
9927
6306
532
1933
1826
9115
2734
7080
1041
5367
5287
9944
7196
2904
5122
7957
9708
1317
4988
3508
264
8447
7337
7970
5061
9907
5575
9266
2892
8530
7836
6292
5379
6982
1448
9050
6324
8376
1363
5103
2285
7416
4940
633
8533
1119
3654
6287
9348
9100
60
5782
8486
3876
634
6086
9644
5677
3679
8089
3813
631
2573
7056
1715
780
8199
1293
7744
6042
7777
9425
2363
6221
188
7602
6751
9453
580
1310
275
9832
76
6773
5424
7456
4516
1150
7071
3614
8126
8733
3262
5801
5856
7751
5028
606
6252
8472
646
2549
4563
1017
4388
5100
6157
2080
6244
6435
2207
9880
719
1905
6792
7386
8847
2349
2980
5795
8060
9494
9577
8481
5362
5001
4228
6140
1122
131
2361
1795
7161
8000
3018
2940
8468
9984
3684
2233
2888
545
2182
1008
9597
7673
3593
1797
4430
9597
415
1133
1287
569
3439
1195
9111
9318
2101
213
2875
2467
6349
679
44
9247
9600
4846
8919
1553
8324
6135
8803
9763
9533
7576
2205
6683
2682
7745
4442
8089
3681
1163
461
8500
9292
6699
1906
4511
8043
2182
1082
9022
4703
526
8760
8289
5525
8749
6095
25
2796
4707
2398
5295
5166
5385
6940
118
5031
7855
9280
2017
3641
6804
9996
4650
1286
4932
1387
3658
5210
3361
4604
5516
5365
7134
3515
6485
6891
4657
6041
6961
5983
6154
1952
8090
171
9984
4922
3361
9514
2748
9990
