834
704
47
393
289
490
726
675
549
679
775
246
156
271
294
593
232
126
911
904
996
146
13
248
469
237
736
102
931
845
221
331
936
922
127
795
773
693
136
837
413
667
62
604
321
665
667
740
376
480
167
63
486
773
951
309
226
495
884
93
235
436
941
699
526
56
234
629
233
808
399
299
305
257
21
105
619
119
814
178
376
749
891
493
236
104
787
558
990
880
134
180
450
370
774
114
366
914
706
246
374
178
56
550
602
257
687
195
476
695
102
72
676
10
583
463
469
369
271
791
822
811
896
714
442
289
176
786
76
441
791
456
377
327
333
416
784
677
167
79
579
864
460
589
868
450
413
698
50
613
380
846
382
173
228
621
330
430
315
571
301
693
177
205
323
300
83
101
403
966
394
489
442
413
391
993
811
59
993
700
943
978
802
802
708
740
620
240
537
809
280
386
760
92
630
702
91
219
719
123
992
330
517
266
587
427
151
650
89
490
91
882
776
779
969
189
742
575
619
99
393
990
442
627
924
137
682
207
468
466
187
497
856
87
509
290
250
546
22
540
111
417
565
863
848
760
254
728
11
799
904
742
295
619
831
675
354
212
982
499
986
385
771
649
302
336
637
113
443
188
730
75
964
944
973
740
981
150
83
643
466
474
404
72
429
935
105
78
14
388
463
390
174
524
324
856
704
958
911
759
605
192
324
954
178
266
331
482
455
300
11
250
454
353
921
941
263
333
500
776
334
109
835
345
861
704
581
56
698
846
730
267
67
510
708
395
499
265
532
54
809
115
905
339
545
748
627
128
592
675
665
782
529
908
277
894
792
745
645
391
475
345
214
657
231
369
136
710
144
306
575
889
753
861
256
700
920
554
959
82
275
621
375
148
693
85
338
9
450
55
93
109
707
537
181
146
60
813
154
840
320
652
289
99
5
982
822
137
92
388
614
682
386
575
984
28
560
427
131
423
286
272
584
927
637
895
176
309
575
238
903
12
237
343
299
810
179
667
252
681
285
547
505
447
726
748
983
775
381
184
373
322
283
896
609
816
565
881
843
161
617
310
572
230
365
112
307
182
382
944
888
724
972
138
19
563
599
420
337
523
165
736
630
765
134
593
853
284
24
107
224
315
129
738
282
138
841
703
355
272
666
97
340
302
133
857
89
290
929
633
584
611
763
465
935
28
824
219
477
209
372
990
342
285
595
662
553
371
839
69
379
533
457
264
144
858
76
612
209
15
890
398
4
562
7
315
462
88
781
837
809
911
288
522
880
571
726
70
796
123
638
699
472
669
413
903
805
541
11
891
244
867
710
31
215
650
225
661
572
544
426
57
216
155
617
119
37
987
397
271
142
262
831
722
267
937
752
393
31
359
395
559
14
108
479
319
407
87
386
530
909
104
723
502
165
767
685
304
558
499
934
20
819
380
664
675
552
546
207
614
601
492
215
306
228
627
700
149
62
833
988
205
250
15
14
690
898
900
113
805
0
163
597
678
99
748
123
837
114
604
33
790
951
962
361
366
971
985
382
369
315
300
851
319
661
589
810
207
674
967
760
290
619
550
148
736
732
705
885
23
527
933
365
231
646
59
505
498
173
150
61
802
867
697
162
597
856
671
98
113
455
983
293
646
712
426
728
611
837
283
602
629
70
730
852
290
925
184
157
959
31
168
739
908
590
270
418
476
728
201
34
11
66
622
137
479
146
865
533
782
335
936
920
166
629
967
225
687
183
202
776
293
676
682
134
123
775
201
997
801
382
307
583
881
669
197
94
30
503
558
896
98
367
283
308
2
109
10
458
990
297
308
838
436
469
444
394
294
549
673
555
829
445
596
54
285
820
858
85
620
676
129
250
527
155
734
328
833
857
881
92
298
263
214
233
681
767
804
657
14
909
303
251
718
418
740
848
658
484
340
136
320
400
875
339
644
441
147
174
189
791
549
35
971
162
492
551
334
765
660
142
679
91
426
653
973
829
186
469
583
237
253
270
931
380
882
715
174
236
812
540
367
842
910
347
883
113
694
77
126
639
37
211
157
110
926
81
248
321
125
855
909
59
422
512
478
614
627
95
990
538
816
814
848
279
983
670
389
7
931
999
676
158
232
585
721
555
363
713
954
971
331
435
488
717
703
242
595
812
796
718
574
568
206
307
592
455
557
525
645
906
717
522
915
338
934
361
854
242
676
995
600
209
234
123
290
192
952
268
858
97
901
418
683
820
88
137
27
998
127
559
681
770
309
363
755
789
193
477
817
372
264
269
347
885
546
939
566
402
930
